(kicad_pcb (version 20171130) (host pcbnew "(5.1.4)-1")

  (general
    (thickness 1.6)
    (drawings 0)
    (tracks 255)
    (zones 0)
    (modules 42)
    (nets 32)
  )

  (page A4)
  (layers
    (0 F.Cu signal)
    (31 B.Cu signal)
    (32 B.Adhes user)
    (33 F.Adhes user)
    (34 B.Paste user)
    (35 F.Paste user)
    (36 B.SilkS user)
    (37 F.SilkS user)
    (38 B.Mask user)
    (39 F.Mask user)
    (40 Dwgs.User user)
    (41 Cmts.User user)
    (42 Eco1.User user)
    (43 Eco2.User user)
    (44 Edge.Cuts user)
    (45 Margin user)
    (46 B.CrtYd user)
    (47 F.CrtYd user)
    (48 B.Fab user)
    (49 F.Fab user hide)
  )

  (setup
    (last_trace_width 0.2)
    (user_trace_width 0.5)
    (user_trace_width 3)
    (user_trace_width 3.29)
    (trace_clearance 0.2)
    (zone_clearance 0.508)
    (zone_45_only no)
    (trace_min 0.2)
    (via_size 0.8)
    (via_drill 0.4)
    (via_min_size 0.4)
    (via_min_drill 0.3)
    (user_via 0.6 0.3)
    (uvia_size 0.6)
    (uvia_drill 0.3)
    (uvias_allowed no)
    (uvia_min_size 0.2)
    (uvia_min_drill 0.1)
    (edge_width 0.05)
    (segment_width 0.2)
    (pcb_text_width 0.3)
    (pcb_text_size 1.5 1.5)
    (mod_edge_width 0.12)
    (mod_text_size 1 1)
    (mod_text_width 0.15)
    (pad_size 1.524 1.524)
    (pad_drill 0.762)
    (pad_to_mask_clearance 0.051)
    (solder_mask_min_width 0.25)
    (aux_axis_origin 0 0)
    (visible_elements 7FF9FFFF)
    (pcbplotparams
      (layerselection 0x010fc_ffffffff)
      (usegerberextensions false)
      (usegerberattributes false)
      (usegerberadvancedattributes false)
      (creategerberjobfile false)
      (excludeedgelayer true)
      (linewidth 0.100000)
      (plotframeref false)
      (viasonmask false)
      (mode 1)
      (useauxorigin false)
      (hpglpennumber 1)
      (hpglpenspeed 20)
      (hpglpendiameter 15.000000)
      (psnegative false)
      (psa4output false)
      (plotreference true)
      (plotvalue true)
      (plotinvisibletext false)
      (padsonsilk false)
      (subtractmaskfromsilk false)
      (outputformat 1)
      (mirror false)
      (drillshape 1)
      (scaleselection 1)
      (outputdirectory ""))
  )

  (net 0 "")
  (net 1 GND)
  (net 2 VCC)
  (net 3 PHASE_A)
  (net 4 "Net-(C10-Pad2)")
  (net 5 "Net-(C11-Pad2)")
  (net 6 PHASE_B)
  (net 7 PHASE_C)
  (net 8 "Net-(C12-Pad2)")
  (net 9 GL_A)
  (net 10 GH_A)
  (net 11 GL_B)
  (net 12 GH_B)
  (net 13 GL_C)
  (net 14 GH_C)
  (net 15 HIN_A)
  (net 16 HIN_B)
  (net 17 HIN_C)
  (net 18 LIN_A)
  (net 19 LIN_B)
  (net 20 LIN_C)
  (net 21 SENSE_A)
  (net 22 SENSE_COM)
  (net 23 SENSE_B)
  (net 24 SENSE_C)
  (net 25 "Net-(Q1-Pad2)")
  (net 26 "Net-(Q2-Pad2)")
  (net 27 "Net-(Q3-Pad2)")
  (net 28 "Net-(Q4-Pad2)")
  (net 29 "Net-(Q5-Pad2)")
  (net 30 "Net-(Q6-Pad2)")
  (net 31 "Net-(U1-Pad6)")

  (net_class Default "This is the default net class."
    (clearance 0.2)
    (trace_width 0.2)
    (via_dia 0.8)
    (via_drill 0.4)
    (uvia_dia 0.6)
    (uvia_drill 0.3)
    (add_net GH_A)
    (add_net GH_B)
    (add_net GH_C)
    (add_net GL_A)
    (add_net GL_B)
    (add_net GL_C)
    (add_net GND)
    (add_net HIN_A)
    (add_net HIN_B)
    (add_net HIN_C)
    (add_net LIN_A)
    (add_net LIN_B)
    (add_net LIN_C)
    (add_net "Net-(C10-Pad2)")
    (add_net "Net-(C11-Pad2)")
    (add_net "Net-(C12-Pad2)")
    (add_net "Net-(Q1-Pad2)")
    (add_net "Net-(Q2-Pad2)")
    (add_net "Net-(Q3-Pad2)")
    (add_net "Net-(Q4-Pad2)")
    (add_net "Net-(Q5-Pad2)")
    (add_net "Net-(Q6-Pad2)")
    (add_net "Net-(U1-Pad6)")
    (add_net PHASE_A)
    (add_net PHASE_B)
    (add_net PHASE_C)
    (add_net SENSE_A)
    (add_net SENSE_B)
    (add_net SENSE_C)
    (add_net SENSE_COM)
    (add_net VCC)
  )

  (module half_bridge_fd6288_v1:NTMS5C430 (layer B.Cu) (tedit 5DB48D0D) (tstamp 5DB99194)
    (at 127 102.997 270)
    (path /5E1A72B4)
    (fp_text reference Q4 (at 0 4.572 270) (layer B.SilkS)
      (effects (font (size 1 1) (thickness 0.15)) (justify mirror))
    )
    (fp_text value Q_NMOS_DGS (at 0 -4.826 270) (layer B.Fab)
      (effects (font (size 1 1) (thickness 0.15)) (justify mirror))
    )
    (fp_line (start -3.048 -3.556) (end -3.048 0) (layer F.CrtYd) (width 0.12))
    (fp_line (start 3.048 -3.556) (end -3.048 -3.556) (layer F.CrtYd) (width 0.12))
    (fp_line (start 3.048 3.556) (end 3.048 -3.556) (layer F.CrtYd) (width 0.12))
    (fp_line (start -3.048 3.556) (end 3.048 3.556) (layer F.CrtYd) (width 0.12))
    (fp_line (start -3.048 0) (end -3.048 3.556) (layer F.CrtYd) (width 0.12))
    (pad 3 smd rect (at -1.905 -2.795 270) (size 0.75 1) (layers B.Cu B.Paste B.Mask)
      (net 1 GND) (zone_connect 0))
    (pad 3 smd rect (at -0.635 -2.795 270) (size 0.75 1) (layers B.Cu B.Paste B.Mask)
      (net 1 GND) (zone_connect 0))
    (pad 3 smd rect (at 0.635 -2.795 270) (size 0.75 1) (layers B.Cu B.Paste B.Mask)
      (net 1 GND) (zone_connect 0))
    (pad 2 smd rect (at 1.905 -2.795 270) (size 0.75 1) (layers B.Cu B.Paste B.Mask)
      (net 28 "Net-(Q4-Pad2)") (zone_connect 0))
    (pad 1 smd custom (at 0 0 270) (size 1.524 1.524) (layers B.Cu B.Paste B.Mask)
      (net 6 PHASE_B) (zone_connect 0)
      (options (clearance outline) (anchor rect))
      (primitives
        (gr_poly (pts
           (xy 2.28 -1.33) (xy 2.28 -0.95) (xy 2.775 -0.95) (xy 2.775 0) (xy 2.28 0)
           (xy 2.28 3.2) (xy 1.53 3.2) (xy 1.53 2.705) (xy -1.53 2.705) (xy -1.53 3.2)
           (xy -2.28 3.2) (xy -2.28 0) (xy -2.775 0) (xy -2.775 -0.905) (xy -2.28 -0.905)
           (xy -2.28 -1.33)) (width 0))
      ))
  )

  (module Connector_PinHeader_2.54mm:PinHeader_1x01_P2.54mm_Vertical (layer B.Cu) (tedit 59FED5CC) (tstamp 5DB8E9D6)
    (at 92.837 98.806)
    (descr "Through hole straight pin header, 1x01, 2.54mm pitch, single row")
    (tags "Through hole pin header THT 1x01 2.54mm single row")
    (path /5E31FD72)
    (fp_text reference TP10 (at 0 2.33) (layer B.SilkS)
      (effects (font (size 1 1) (thickness 0.15)) (justify mirror))
    )
    (fp_text value SENSE_C (at 0 -2.33) (layer B.Fab)
      (effects (font (size 1 1) (thickness 0.15)) (justify mirror))
    )
    (fp_line (start -0.635 1.27) (end 1.27 1.27) (layer B.Fab) (width 0.1))
    (fp_line (start 1.27 1.27) (end 1.27 -1.27) (layer B.Fab) (width 0.1))
    (fp_line (start 1.27 -1.27) (end -1.27 -1.27) (layer B.Fab) (width 0.1))
    (fp_line (start -1.27 -1.27) (end -1.27 0.635) (layer B.Fab) (width 0.1))
    (fp_line (start -1.27 0.635) (end -0.635 1.27) (layer B.Fab) (width 0.1))
    (fp_line (start -1.33 -1.33) (end 1.33 -1.33) (layer B.SilkS) (width 0.12))
    (fp_line (start -1.33 -1.27) (end -1.33 -1.33) (layer B.SilkS) (width 0.12))
    (fp_line (start 1.33 -1.27) (end 1.33 -1.33) (layer B.SilkS) (width 0.12))
    (fp_line (start -1.33 -1.27) (end 1.33 -1.27) (layer B.SilkS) (width 0.12))
    (fp_line (start -1.33 0) (end -1.33 1.33) (layer B.SilkS) (width 0.12))
    (fp_line (start -1.33 1.33) (end 0 1.33) (layer B.SilkS) (width 0.12))
    (fp_line (start -1.8 1.8) (end -1.8 -1.8) (layer B.CrtYd) (width 0.05))
    (fp_line (start -1.8 -1.8) (end 1.8 -1.8) (layer B.CrtYd) (width 0.05))
    (fp_line (start 1.8 -1.8) (end 1.8 1.8) (layer B.CrtYd) (width 0.05))
    (fp_line (start 1.8 1.8) (end -1.8 1.8) (layer B.CrtYd) (width 0.05))
    (fp_text user %R (at 0 0 -90) (layer B.Fab)
      (effects (font (size 1 1) (thickness 0.15)) (justify mirror))
    )
    (pad 1 thru_hole rect (at 0 0) (size 1.7 1.7) (drill 1) (layers *.Cu *.Mask)
      (net 22 SENSE_COM))
    (model ${KISYS3DMOD}/Connector_PinHeader_2.54mm.3dshapes/PinHeader_1x01_P2.54mm_Vertical.wrl
      (at (xyz 0 0 0))
      (scale (xyz 1 1 1))
      (rotate (xyz 0 0 0))
    )
  )

  (module Resistor_SMD:R_0805_2012Metric_Pad1.15x1.40mm_HandSolder (layer B.Cu) (tedit 5B36C52B) (tstamp 5DB4A0AC)
    (at 122.047 96.402 90)
    (descr "Resistor SMD 0805 (2012 Metric), square (rectangular) end terminal, IPC_7351 nominal with elongated pad for handsoldering. (Body size source: https://docs.google.com/spreadsheets/d/1BsfQQcO9C6DZCsRaXUlFlo91Tg2WpOkGARC1WS5S8t0/edit?usp=sharing), generated with kicad-footprint-generator")
    (tags "resistor handsolder")
    (path /5E1A9C29)
    (attr smd)
    (fp_text reference R21 (at 0 1.65 90) (layer B.SilkS)
      (effects (font (size 1 1) (thickness 0.15)) (justify mirror))
    )
    (fp_text value 3.3 (at 0 -1.65 90) (layer B.Fab)
      (effects (font (size 1 1) (thickness 0.15)) (justify mirror))
    )
    (fp_line (start -1 -0.6) (end -1 0.6) (layer B.Fab) (width 0.1))
    (fp_line (start -1 0.6) (end 1 0.6) (layer B.Fab) (width 0.1))
    (fp_line (start 1 0.6) (end 1 -0.6) (layer B.Fab) (width 0.1))
    (fp_line (start 1 -0.6) (end -1 -0.6) (layer B.Fab) (width 0.1))
    (fp_line (start -0.261252 0.71) (end 0.261252 0.71) (layer B.SilkS) (width 0.12))
    (fp_line (start -0.261252 -0.71) (end 0.261252 -0.71) (layer B.SilkS) (width 0.12))
    (fp_line (start -1.85 -0.95) (end -1.85 0.95) (layer B.CrtYd) (width 0.05))
    (fp_line (start -1.85 0.95) (end 1.85 0.95) (layer B.CrtYd) (width 0.05))
    (fp_line (start 1.85 0.95) (end 1.85 -0.95) (layer B.CrtYd) (width 0.05))
    (fp_line (start 1.85 -0.95) (end -1.85 -0.95) (layer B.CrtYd) (width 0.05))
    (fp_text user %R (at 0 0 90) (layer B.Fab)
      (effects (font (size 0.5 0.5) (thickness 0.08)) (justify mirror))
    )
    (pad 1 smd roundrect (at -1.025 0 90) (size 1.15 1.4) (layers B.Cu B.Paste B.Mask) (roundrect_rratio 0.217391)
      (net 14 GH_C))
    (pad 2 smd roundrect (at 1.025 0 90) (size 1.15 1.4) (layers B.Cu B.Paste B.Mask) (roundrect_rratio 0.217391)
      (net 29 "Net-(Q5-Pad2)"))
    (model ${KISYS3DMOD}/Resistor_SMD.3dshapes/R_0805_2012Metric.wrl
      (at (xyz 0 0 0))
      (scale (xyz 1 1 1))
      (rotate (xyz 0 0 0))
    )
  )

  (module Package_SO:SSOP-20_4.4x6.5mm_P0.65mm (layer F.Cu) (tedit 5A02F25C) (tstamp 5DB9A634)
    (at 122.153 103.098)
    (descr "SSOP20: plastic shrink small outline package; 20 leads; body width 4.4 mm; (see NXP SSOP-TSSOP-VSO-REFLOW.pdf and sot266-1_po.pdf)")
    (tags "SSOP 0.65")
    (path /5E13CC26)
    (attr smd)
    (fp_text reference U1 (at 0 -4.3) (layer F.SilkS)
      (effects (font (size 1 1) (thickness 0.15)))
    )
    (fp_text value FD6288 (at 0 4.3) (layer F.Fab)
      (effects (font (size 1 1) (thickness 0.15)))
    )
    (fp_text user %R (at 0 0 180) (layer F.Fab)
      (effects (font (size 0.8 0.8) (thickness 0.15)))
    )
    (fp_line (start -2.325 3.375) (end 2.325 3.375) (layer F.SilkS) (width 0.15))
    (fp_line (start -3.4 -3.45) (end 2.325 -3.45) (layer F.SilkS) (width 0.15))
    (fp_line (start -2.325 3.375) (end -2.325 3.35) (layer F.SilkS) (width 0.15))
    (fp_line (start 2.325 3.375) (end 2.325 3.35) (layer F.SilkS) (width 0.15))
    (fp_line (start 2.325 -3.45) (end 2.325 -3.35) (layer F.SilkS) (width 0.15))
    (fp_line (start -3.65 3.55) (end 3.65 3.55) (layer F.CrtYd) (width 0.05))
    (fp_line (start -3.65 -3.55) (end 3.65 -3.55) (layer F.CrtYd) (width 0.05))
    (fp_line (start 3.65 -3.55) (end 3.65 3.55) (layer F.CrtYd) (width 0.05))
    (fp_line (start -3.65 -3.55) (end -3.65 3.55) (layer F.CrtYd) (width 0.05))
    (fp_line (start -2.2 -2.25) (end -1.2 -3.25) (layer F.Fab) (width 0.15))
    (fp_line (start -2.2 3.25) (end -2.2 -2.25) (layer F.Fab) (width 0.15))
    (fp_line (start 2.2 3.25) (end -2.2 3.25) (layer F.Fab) (width 0.15))
    (fp_line (start 2.2 -3.25) (end 2.2 3.25) (layer F.Fab) (width 0.15))
    (fp_line (start -1.2 -3.25) (end 2.2 -3.25) (layer F.Fab) (width 0.15))
    (pad 20 smd rect (at 2.9 -2.925) (size 1 0.4) (layers F.Cu F.Paste F.Mask)
      (net 8 "Net-(C12-Pad2)"))
    (pad 19 smd rect (at 2.9 -2.275) (size 1 0.4) (layers F.Cu F.Paste F.Mask)
      (net 14 GH_C))
    (pad 18 smd rect (at 2.9 -1.625) (size 1 0.4) (layers F.Cu F.Paste F.Mask)
      (net 7 PHASE_C))
    (pad 17 smd rect (at 2.9 -0.975) (size 1 0.4) (layers F.Cu F.Paste F.Mask)
      (net 5 "Net-(C11-Pad2)"))
    (pad 16 smd rect (at 2.9 -0.325) (size 1 0.4) (layers F.Cu F.Paste F.Mask)
      (net 12 GH_B))
    (pad 15 smd rect (at 2.9 0.325) (size 1 0.4) (layers F.Cu F.Paste F.Mask)
      (net 6 PHASE_B))
    (pad 14 smd rect (at 2.9 0.975) (size 1 0.4) (layers F.Cu F.Paste F.Mask)
      (net 4 "Net-(C10-Pad2)"))
    (pad 13 smd rect (at 2.9 1.625) (size 1 0.4) (layers F.Cu F.Paste F.Mask)
      (net 10 GH_A))
    (pad 12 smd rect (at 2.9 2.275) (size 1 0.4) (layers F.Cu F.Paste F.Mask)
      (net 3 PHASE_A))
    (pad 11 smd rect (at 2.9 2.925) (size 1 0.4) (layers F.Cu F.Paste F.Mask)
      (net 13 GL_C))
    (pad 10 smd rect (at -2.9 2.925) (size 1 0.4) (layers F.Cu F.Paste F.Mask)
      (net 11 GL_B))
    (pad 9 smd rect (at -2.9 2.275) (size 1 0.4) (layers F.Cu F.Paste F.Mask)
      (net 9 GL_A))
    (pad 8 smd rect (at -2.9 1.625) (size 1 0.4) (layers F.Cu F.Paste F.Mask)
      (net 1 GND))
    (pad 7 smd rect (at -2.9 0.975) (size 1 0.4) (layers F.Cu F.Paste F.Mask)
      (net 2 VCC))
    (pad 6 smd rect (at -2.9 0.325) (size 1 0.4) (layers F.Cu F.Paste F.Mask)
      (net 31 "Net-(U1-Pad6)"))
    (pad 5 smd rect (at -2.9 -0.325) (size 1 0.4) (layers F.Cu F.Paste F.Mask)
      (net 19 LIN_B))
    (pad 4 smd rect (at -2.9 -0.975) (size 1 0.4) (layers F.Cu F.Paste F.Mask)
      (net 20 LIN_C))
    (pad 3 smd rect (at -2.9 -1.625) (size 1 0.4) (layers F.Cu F.Paste F.Mask)
      (net 15 HIN_A))
    (pad 2 smd rect (at -2.9 -2.275) (size 1 0.4) (layers F.Cu F.Paste F.Mask)
      (net 16 HIN_B))
    (pad 1 smd rect (at -2.9 -2.925) (size 1 0.4) (layers F.Cu F.Paste F.Mask)
      (net 17 HIN_C))
    (model ${KISYS3DMOD}/Package_SO.3dshapes/SSOP-20_4.4x6.5mm_P0.65mm.wrl
      (at (xyz 0 0 0))
      (scale (xyz 1 1 1))
      (rotate (xyz 0 0 0))
    )
  )

  (module Resistor_SMD:R_0805_2012Metric_Pad1.15x1.40mm_HandSolder (layer F.Cu) (tedit 5B36C52B) (tstamp 5DB862C7)
    (at 118.863 98.171)
    (descr "Resistor SMD 0805 (2012 Metric), square (rectangular) end terminal, IPC_7351 nominal with elongated pad for handsoldering. (Body size source: https://docs.google.com/spreadsheets/d/1BsfQQcO9C6DZCsRaXUlFlo91Tg2WpOkGARC1WS5S8t0/edit?usp=sharing), generated with kicad-footprint-generator")
    (tags "resistor handsolder")
    (path /5E270F66)
    (attr smd)
    (fp_text reference R14 (at 0 -1.65 180) (layer F.SilkS)
      (effects (font (size 1 1) (thickness 0.15)))
    )
    (fp_text value 33K (at 0 1.65) (layer F.Fab)
      (effects (font (size 1 1) (thickness 0.15)))
    )
    (fp_line (start -1 0.6) (end -1 -0.6) (layer F.Fab) (width 0.1))
    (fp_line (start -1 -0.6) (end 1 -0.6) (layer F.Fab) (width 0.1))
    (fp_line (start 1 -0.6) (end 1 0.6) (layer F.Fab) (width 0.1))
    (fp_line (start 1 0.6) (end -1 0.6) (layer F.Fab) (width 0.1))
    (fp_line (start -0.261252 -0.71) (end 0.261252 -0.71) (layer F.SilkS) (width 0.12))
    (fp_line (start -0.261252 0.71) (end 0.261252 0.71) (layer F.SilkS) (width 0.12))
    (fp_line (start -1.85 0.95) (end -1.85 -0.95) (layer F.CrtYd) (width 0.05))
    (fp_line (start -1.85 -0.95) (end 1.85 -0.95) (layer F.CrtYd) (width 0.05))
    (fp_line (start 1.85 -0.95) (end 1.85 0.95) (layer F.CrtYd) (width 0.05))
    (fp_line (start 1.85 0.95) (end -1.85 0.95) (layer F.CrtYd) (width 0.05))
    (fp_text user %R (at 0 0) (layer F.Fab)
      (effects (font (size 0.5 0.5) (thickness 0.08)))
    )
    (pad 1 smd roundrect (at -1.025 0) (size 1.15 1.4) (layers F.Cu F.Paste F.Mask) (roundrect_rratio 0.217391)
      (net 23 SENSE_B))
    (pad 2 smd roundrect (at 1.025 0) (size 1.15 1.4) (layers F.Cu F.Paste F.Mask) (roundrect_rratio 0.217391)
      (net 1 GND))
    (model ${KISYS3DMOD}/Resistor_SMD.3dshapes/R_0805_2012Metric.wrl
      (at (xyz 0 0 0))
      (scale (xyz 1 1 1))
      (rotate (xyz 0 0 0))
    )
  )

  (module Resistor_SMD:R_0805_2012Metric_Pad1.15x1.40mm_HandSolder (layer F.Cu) (tedit 5B36C52B) (tstamp 5DB9A677)
    (at 128.642 97.79)
    (descr "Resistor SMD 0805 (2012 Metric), square (rectangular) end terminal, IPC_7351 nominal with elongated pad for handsoldering. (Body size source: https://docs.google.com/spreadsheets/d/1BsfQQcO9C6DZCsRaXUlFlo91Tg2WpOkGARC1WS5S8t0/edit?usp=sharing), generated with kicad-footprint-generator")
    (tags "resistor handsolder")
    (path /5E1A9C13)
    (attr smd)
    (fp_text reference R20 (at 0 -1.65) (layer F.SilkS)
      (effects (font (size 1 1) (thickness 0.15)))
    )
    (fp_text value 3.3 (at 0 1.65) (layer F.Fab)
      (effects (font (size 1 1) (thickness 0.15)))
    )
    (fp_text user %R (at 0 0) (layer F.Fab)
      (effects (font (size 0.5 0.5) (thickness 0.08)))
    )
    (fp_line (start 1.85 0.95) (end -1.85 0.95) (layer F.CrtYd) (width 0.05))
    (fp_line (start 1.85 -0.95) (end 1.85 0.95) (layer F.CrtYd) (width 0.05))
    (fp_line (start -1.85 -0.95) (end 1.85 -0.95) (layer F.CrtYd) (width 0.05))
    (fp_line (start -1.85 0.95) (end -1.85 -0.95) (layer F.CrtYd) (width 0.05))
    (fp_line (start -0.261252 0.71) (end 0.261252 0.71) (layer F.SilkS) (width 0.12))
    (fp_line (start -0.261252 -0.71) (end 0.261252 -0.71) (layer F.SilkS) (width 0.12))
    (fp_line (start 1 0.6) (end -1 0.6) (layer F.Fab) (width 0.1))
    (fp_line (start 1 -0.6) (end 1 0.6) (layer F.Fab) (width 0.1))
    (fp_line (start -1 -0.6) (end 1 -0.6) (layer F.Fab) (width 0.1))
    (fp_line (start -1 0.6) (end -1 -0.6) (layer F.Fab) (width 0.1))
    (pad 2 smd roundrect (at 1.025 0) (size 1.15 1.4) (layers F.Cu F.Paste F.Mask) (roundrect_rratio 0.217391)
      (net 30 "Net-(Q6-Pad2)"))
    (pad 1 smd roundrect (at -1.025 0) (size 1.15 1.4) (layers F.Cu F.Paste F.Mask) (roundrect_rratio 0.217391)
      (net 13 GL_C))
    (model ${KISYS3DMOD}/Resistor_SMD.3dshapes/R_0805_2012Metric.wrl
      (at (xyz 0 0 0))
      (scale (xyz 1 1 1))
      (rotate (xyz 0 0 0))
    )
  )

  (module Resistor_SMD:R_0805_2012Metric_Pad1.15x1.40mm_HandSolder (layer B.Cu) (tedit 5B36C52B) (tstamp 5DB49FCF)
    (at 122.047 115.96 90)
    (descr "Resistor SMD 0805 (2012 Metric), square (rectangular) end terminal, IPC_7351 nominal with elongated pad for handsoldering. (Body size source: https://docs.google.com/spreadsheets/d/1BsfQQcO9C6DZCsRaXUlFlo91Tg2WpOkGARC1WS5S8t0/edit?usp=sharing), generated with kicad-footprint-generator")
    (tags "resistor handsolder")
    (path /5E19BFB6)
    (attr smd)
    (fp_text reference R8 (at 0 1.65 270) (layer B.SilkS)
      (effects (font (size 1 1) (thickness 0.15)) (justify mirror))
    )
    (fp_text value 3.3 (at 0 -1.65 270) (layer B.Fab)
      (effects (font (size 1 1) (thickness 0.15)) (justify mirror))
    )
    (fp_text user %R (at 0 0 270) (layer B.Fab)
      (effects (font (size 0.5 0.5) (thickness 0.08)) (justify mirror))
    )
    (fp_line (start 1.85 -0.95) (end -1.85 -0.95) (layer B.CrtYd) (width 0.05))
    (fp_line (start 1.85 0.95) (end 1.85 -0.95) (layer B.CrtYd) (width 0.05))
    (fp_line (start -1.85 0.95) (end 1.85 0.95) (layer B.CrtYd) (width 0.05))
    (fp_line (start -1.85 -0.95) (end -1.85 0.95) (layer B.CrtYd) (width 0.05))
    (fp_line (start -0.261252 -0.71) (end 0.261252 -0.71) (layer B.SilkS) (width 0.12))
    (fp_line (start -0.261252 0.71) (end 0.261252 0.71) (layer B.SilkS) (width 0.12))
    (fp_line (start 1 -0.6) (end -1 -0.6) (layer B.Fab) (width 0.1))
    (fp_line (start 1 0.6) (end 1 -0.6) (layer B.Fab) (width 0.1))
    (fp_line (start -1 0.6) (end 1 0.6) (layer B.Fab) (width 0.1))
    (fp_line (start -1 -0.6) (end -1 0.6) (layer B.Fab) (width 0.1))
    (pad 2 smd roundrect (at 1.025 0 90) (size 1.15 1.4) (layers B.Cu B.Paste B.Mask) (roundrect_rratio 0.217391)
      (net 25 "Net-(Q1-Pad2)"))
    (pad 1 smd roundrect (at -1.025 0 90) (size 1.15 1.4) (layers B.Cu B.Paste B.Mask) (roundrect_rratio 0.217391)
      (net 10 GH_A))
    (model ${KISYS3DMOD}/Resistor_SMD.3dshapes/R_0805_2012Metric.wrl
      (at (xyz 0 0 0))
      (scale (xyz 1 1 1))
      (rotate (xyz 0 0 0))
    )
  )

  (module half_bridge_fd6288_v1:NTMS5C430 (layer B.Cu) (tedit 5DB48D0D) (tstamp 5DB9D81E)
    (at 117.094 112.649 270)
    (path /5E13F7CD)
    (fp_text reference Q1 (at 0 4.572 270) (layer B.SilkS)
      (effects (font (size 1 1) (thickness 0.15)) (justify mirror))
    )
    (fp_text value Q_NMOS_DGS (at 0 -4.826 270) (layer B.Fab)
      (effects (font (size 1 1) (thickness 0.15)) (justify mirror))
    )
    (fp_line (start -3.048 0) (end -3.048 3.556) (layer F.CrtYd) (width 0.12))
    (fp_line (start -3.048 3.556) (end 3.048 3.556) (layer F.CrtYd) (width 0.12))
    (fp_line (start 3.048 3.556) (end 3.048 -3.556) (layer F.CrtYd) (width 0.12))
    (fp_line (start 3.048 -3.556) (end -3.048 -3.556) (layer F.CrtYd) (width 0.12))
    (fp_line (start -3.048 -3.556) (end -3.048 0) (layer F.CrtYd) (width 0.12))
    (pad 1 smd custom (at 0 0 270) (size 1.524 1.524) (layers B.Cu B.Paste B.Mask)
      (net 2 VCC) (zone_connect 0)
      (options (clearance outline) (anchor rect))
      (primitives
        (gr_poly (pts
           (xy 2.28 -1.33) (xy 2.28 -0.95) (xy 2.775 -0.95) (xy 2.775 0) (xy 2.28 0)
           (xy 2.28 3.2) (xy 1.53 3.2) (xy 1.53 2.705) (xy -1.53 2.705) (xy -1.53 3.2)
           (xy -2.28 3.2) (xy -2.28 0) (xy -2.775 0) (xy -2.775 -0.905) (xy -2.28 -0.905)
           (xy -2.28 -1.33)) (width 0))
      ))
    (pad 2 smd rect (at 1.905 -2.795 270) (size 0.75 1) (layers B.Cu B.Paste B.Mask)
      (net 25 "Net-(Q1-Pad2)") (zone_connect 0))
    (pad 3 smd rect (at 0.635 -2.795 270) (size 0.75 1) (layers B.Cu B.Paste B.Mask)
      (net 3 PHASE_A) (zone_connect 0))
    (pad 3 smd rect (at -0.635 -2.795 270) (size 0.75 1) (layers B.Cu B.Paste B.Mask)
      (net 3 PHASE_A) (zone_connect 0))
    (pad 3 smd rect (at -1.905 -2.795 270) (size 0.75 1) (layers B.Cu B.Paste B.Mask)
      (net 3 PHASE_A) (zone_connect 0))
  )

  (module half_bridge_fd6288_v1:NTMS5C430 (layer B.Cu) (tedit 5DB48D0D) (tstamp 5DB49F0F)
    (at 127 112.649 270)
    (path /5E140447)
    (fp_text reference Q2 (at 0 4.572 270) (layer B.SilkS)
      (effects (font (size 1 1) (thickness 0.15)) (justify mirror))
    )
    (fp_text value Q_NMOS_DGS (at 0 -4.826 270) (layer B.Fab)
      (effects (font (size 1 1) (thickness 0.15)) (justify mirror))
    )
    (fp_line (start -3.048 -3.556) (end -3.048 0) (layer F.CrtYd) (width 0.12))
    (fp_line (start 3.048 -3.556) (end -3.048 -3.556) (layer F.CrtYd) (width 0.12))
    (fp_line (start 3.048 3.556) (end 3.048 -3.556) (layer F.CrtYd) (width 0.12))
    (fp_line (start -3.048 3.556) (end 3.048 3.556) (layer F.CrtYd) (width 0.12))
    (fp_line (start -3.048 0) (end -3.048 3.556) (layer F.CrtYd) (width 0.12))
    (pad 3 smd rect (at -1.905 -2.795 270) (size 0.75 1) (layers B.Cu B.Paste B.Mask)
      (net 1 GND) (zone_connect 0))
    (pad 3 smd rect (at -0.635 -2.795 270) (size 0.75 1) (layers B.Cu B.Paste B.Mask)
      (net 1 GND) (zone_connect 0))
    (pad 3 smd rect (at 0.635 -2.795 270) (size 0.75 1) (layers B.Cu B.Paste B.Mask)
      (net 1 GND) (zone_connect 0))
    (pad 2 smd rect (at 1.905 -2.795 270) (size 0.75 1) (layers B.Cu B.Paste B.Mask)
      (net 26 "Net-(Q2-Pad2)") (zone_connect 0))
    (pad 1 smd custom (at 0 0 270) (size 1.524 1.524) (layers B.Cu B.Paste B.Mask)
      (net 3 PHASE_A) (zone_connect 0)
      (options (clearance outline) (anchor rect))
      (primitives
        (gr_poly (pts
           (xy 2.28 -1.33) (xy 2.28 -0.95) (xy 2.775 -0.95) (xy 2.775 0) (xy 2.28 0)
           (xy 2.28 3.2) (xy 1.53 3.2) (xy 1.53 2.705) (xy -1.53 2.705) (xy -1.53 3.2)
           (xy -2.28 3.2) (xy -2.28 0) (xy -2.775 0) (xy -2.775 -0.905) (xy -2.28 -0.905)
           (xy -2.28 -1.33)) (width 0))
      ))
  )

  (module half_bridge_fd6288_v1:NTMS5C430 (layer B.Cu) (tedit 5DB48D0D) (tstamp 5DB9B291)
    (at 117.094 103.251 270)
    (path /5E1A72AE)
    (fp_text reference Q3 (at 0 4.572 270) (layer B.SilkS)
      (effects (font (size 1 1) (thickness 0.15)) (justify mirror))
    )
    (fp_text value Q_NMOS_DGS (at 0 -4.826 270) (layer B.Fab)
      (effects (font (size 1 1) (thickness 0.15)) (justify mirror))
    )
    (fp_line (start -3.048 0) (end -3.048 3.556) (layer F.CrtYd) (width 0.12))
    (fp_line (start -3.048 3.556) (end 3.048 3.556) (layer F.CrtYd) (width 0.12))
    (fp_line (start 3.048 3.556) (end 3.048 -3.556) (layer F.CrtYd) (width 0.12))
    (fp_line (start 3.048 -3.556) (end -3.048 -3.556) (layer F.CrtYd) (width 0.12))
    (fp_line (start -3.048 -3.556) (end -3.048 0) (layer F.CrtYd) (width 0.12))
    (pad 1 smd custom (at 0 0 270) (size 1.524 1.524) (layers B.Cu B.Paste B.Mask)
      (net 2 VCC) (zone_connect 0)
      (options (clearance outline) (anchor rect))
      (primitives
        (gr_poly (pts
           (xy 2.28 -1.33) (xy 2.28 -0.95) (xy 2.775 -0.95) (xy 2.775 0) (xy 2.28 0)
           (xy 2.28 3.2) (xy 1.53 3.2) (xy 1.53 2.705) (xy -1.53 2.705) (xy -1.53 3.2)
           (xy -2.28 3.2) (xy -2.28 0) (xy -2.775 0) (xy -2.775 -0.905) (xy -2.28 -0.905)
           (xy -2.28 -1.33)) (width 0))
      ))
    (pad 2 smd rect (at 1.905 -2.795 270) (size 0.75 1) (layers B.Cu B.Paste B.Mask)
      (net 27 "Net-(Q3-Pad2)") (zone_connect 0))
    (pad 3 smd rect (at 0.635 -2.795 270) (size 0.75 1) (layers B.Cu B.Paste B.Mask)
      (net 6 PHASE_B) (zone_connect 0))
    (pad 3 smd rect (at -0.635 -2.795 270) (size 0.75 1) (layers B.Cu B.Paste B.Mask)
      (net 6 PHASE_B) (zone_connect 0))
    (pad 3 smd rect (at -1.905 -2.795 270) (size 0.75 1) (layers B.Cu B.Paste B.Mask)
      (net 6 PHASE_B) (zone_connect 0))
  )

  (module half_bridge_fd6288_v1:NTMS5C430 (layer B.Cu) (tedit 5DB48D0D) (tstamp 5DBA098A)
    (at 117.094 92.075 270)
    (path /5E1A9BFD)
    (fp_text reference Q5 (at 0 4.572 270) (layer B.SilkS)
      (effects (font (size 1 1) (thickness 0.15)) (justify mirror))
    )
    (fp_text value Q_NMOS_DGS (at 0 -4.826 270) (layer B.Fab)
      (effects (font (size 1 1) (thickness 0.15)) (justify mirror))
    )
    (fp_line (start -3.048 -3.556) (end -3.048 0) (layer F.CrtYd) (width 0.12))
    (fp_line (start 3.048 -3.556) (end -3.048 -3.556) (layer F.CrtYd) (width 0.12))
    (fp_line (start 3.048 3.556) (end 3.048 -3.556) (layer F.CrtYd) (width 0.12))
    (fp_line (start -3.048 3.556) (end 3.048 3.556) (layer F.CrtYd) (width 0.12))
    (fp_line (start -3.048 0) (end -3.048 3.556) (layer F.CrtYd) (width 0.12))
    (pad 3 smd rect (at -1.905 -2.795 270) (size 0.75 1) (layers B.Cu B.Paste B.Mask)
      (net 7 PHASE_C) (zone_connect 0))
    (pad 3 smd rect (at -0.635 -2.795 270) (size 0.75 1) (layers B.Cu B.Paste B.Mask)
      (net 7 PHASE_C) (zone_connect 0))
    (pad 3 smd rect (at 0.635 -2.795 270) (size 0.75 1) (layers B.Cu B.Paste B.Mask)
      (net 7 PHASE_C) (zone_connect 0))
    (pad 2 smd rect (at 1.905 -2.795 270) (size 0.75 1) (layers B.Cu B.Paste B.Mask)
      (net 29 "Net-(Q5-Pad2)") (zone_connect 0))
    (pad 1 smd custom (at 0 0 270) (size 1.524 1.524) (layers B.Cu B.Paste B.Mask)
      (net 2 VCC) (zone_connect 0)
      (options (clearance outline) (anchor rect))
      (primitives
        (gr_poly (pts
           (xy 2.28 -1.33) (xy 2.28 -0.95) (xy 2.775 -0.95) (xy 2.775 0) (xy 2.28 0)
           (xy 2.28 3.2) (xy 1.53 3.2) (xy 1.53 2.705) (xy -1.53 2.705) (xy -1.53 3.2)
           (xy -2.28 3.2) (xy -2.28 0) (xy -2.775 0) (xy -2.775 -0.905) (xy -2.28 -0.905)
           (xy -2.28 -1.33)) (width 0))
      ))
  )

  (module half_bridge_fd6288_v1:NTMS5C430 (layer B.Cu) (tedit 5DB48D0D) (tstamp 5DBA0963)
    (at 127 92.075 270)
    (path /5E1A9C03)
    (fp_text reference Q6 (at 0 4.572 270) (layer B.SilkS)
      (effects (font (size 1 1) (thickness 0.15)) (justify mirror))
    )
    (fp_text value Q_NMOS_DGS (at 0 -4.826 270) (layer B.Fab)
      (effects (font (size 1 1) (thickness 0.15)) (justify mirror))
    )
    (fp_line (start -3.048 0) (end -3.048 3.556) (layer F.CrtYd) (width 0.12))
    (fp_line (start -3.048 3.556) (end 3.048 3.556) (layer F.CrtYd) (width 0.12))
    (fp_line (start 3.048 3.556) (end 3.048 -3.556) (layer F.CrtYd) (width 0.12))
    (fp_line (start 3.048 -3.556) (end -3.048 -3.556) (layer F.CrtYd) (width 0.12))
    (fp_line (start -3.048 -3.556) (end -3.048 0) (layer F.CrtYd) (width 0.12))
    (pad 1 smd custom (at 0 0 270) (size 1.524 1.524) (layers B.Cu B.Paste B.Mask)
      (net 7 PHASE_C) (zone_connect 0)
      (options (clearance outline) (anchor rect))
      (primitives
        (gr_poly (pts
           (xy 2.28 -1.33) (xy 2.28 -0.95) (xy 2.775 -0.95) (xy 2.775 0) (xy 2.28 0)
           (xy 2.28 3.2) (xy 1.53 3.2) (xy 1.53 2.705) (xy -1.53 2.705) (xy -1.53 3.2)
           (xy -2.28 3.2) (xy -2.28 0) (xy -2.775 0) (xy -2.775 -0.905) (xy -2.28 -0.905)
           (xy -2.28 -1.33)) (width 0))
      ))
    (pad 2 smd rect (at 1.905 -2.795 270) (size 0.75 1) (layers B.Cu B.Paste B.Mask)
      (net 30 "Net-(Q6-Pad2)") (zone_connect 0))
    (pad 3 smd rect (at 0.635 -2.795 270) (size 0.75 1) (layers B.Cu B.Paste B.Mask)
      (net 1 GND) (zone_connect 0))
    (pad 3 smd rect (at -0.635 -2.795 270) (size 0.75 1) (layers B.Cu B.Paste B.Mask)
      (net 1 GND) (zone_connect 0))
    (pad 3 smd rect (at -1.905 -2.795 270) (size 0.75 1) (layers B.Cu B.Paste B.Mask)
      (net 1 GND) (zone_connect 0))
  )

  (module Resistor_SMD:R_0805_2012Metric_Pad1.15x1.40mm_HandSolder (layer F.Cu) (tedit 5B36C52B) (tstamp 5DB49FBE)
    (at 128.778 116.84)
    (descr "Resistor SMD 0805 (2012 Metric), square (rectangular) end terminal, IPC_7351 nominal with elongated pad for handsoldering. (Body size source: https://docs.google.com/spreadsheets/d/1BsfQQcO9C6DZCsRaXUlFlo91Tg2WpOkGARC1WS5S8t0/edit?usp=sharing), generated with kicad-footprint-generator")
    (tags "resistor handsolder")
    (path /5E1935FB)
    (attr smd)
    (fp_text reference R7 (at 0 -1.65) (layer F.SilkS)
      (effects (font (size 1 1) (thickness 0.15)))
    )
    (fp_text value 3.3 (at 0 1.65) (layer F.Fab)
      (effects (font (size 1 1) (thickness 0.15)))
    )
    (fp_line (start -1 0.6) (end -1 -0.6) (layer F.Fab) (width 0.1))
    (fp_line (start -1 -0.6) (end 1 -0.6) (layer F.Fab) (width 0.1))
    (fp_line (start 1 -0.6) (end 1 0.6) (layer F.Fab) (width 0.1))
    (fp_line (start 1 0.6) (end -1 0.6) (layer F.Fab) (width 0.1))
    (fp_line (start -0.261252 -0.71) (end 0.261252 -0.71) (layer F.SilkS) (width 0.12))
    (fp_line (start -0.261252 0.71) (end 0.261252 0.71) (layer F.SilkS) (width 0.12))
    (fp_line (start -1.85 0.95) (end -1.85 -0.95) (layer F.CrtYd) (width 0.05))
    (fp_line (start -1.85 -0.95) (end 1.85 -0.95) (layer F.CrtYd) (width 0.05))
    (fp_line (start 1.85 -0.95) (end 1.85 0.95) (layer F.CrtYd) (width 0.05))
    (fp_line (start 1.85 0.95) (end -1.85 0.95) (layer F.CrtYd) (width 0.05))
    (fp_text user %R (at 0 0) (layer F.Fab)
      (effects (font (size 0.5 0.5) (thickness 0.08)))
    )
    (pad 1 smd roundrect (at -1.025 0) (size 1.15 1.4) (layers F.Cu F.Paste F.Mask) (roundrect_rratio 0.217391)
      (net 9 GL_A))
    (pad 2 smd roundrect (at 1.025 0) (size 1.15 1.4) (layers F.Cu F.Paste F.Mask) (roundrect_rratio 0.217391)
      (net 26 "Net-(Q2-Pad2)"))
    (model ${KISYS3DMOD}/Resistor_SMD.3dshapes/R_0805_2012Metric.wrl
      (at (xyz 0 0 0))
      (scale (xyz 1 1 1))
      (rotate (xyz 0 0 0))
    )
  )

  (module Resistor_SMD:R_0805_2012Metric_Pad1.15x1.40mm_HandSolder (layer F.Cu) (tedit 5B36C52B) (tstamp 5DB4A013)
    (at 129.041 107.95)
    (descr "Resistor SMD 0805 (2012 Metric), square (rectangular) end terminal, IPC_7351 nominal with elongated pad for handsoldering. (Body size source: https://docs.google.com/spreadsheets/d/1BsfQQcO9C6DZCsRaXUlFlo91Tg2WpOkGARC1WS5S8t0/edit?usp=sharing), generated with kicad-footprint-generator")
    (tags "resistor handsolder")
    (path /5E1A72C4)
    (attr smd)
    (fp_text reference R12 (at 0 -1.65) (layer F.SilkS)
      (effects (font (size 1 1) (thickness 0.15)))
    )
    (fp_text value 3.3 (at 0 1.65) (layer F.Fab)
      (effects (font (size 1 1) (thickness 0.15)))
    )
    (fp_line (start -1 0.6) (end -1 -0.6) (layer F.Fab) (width 0.1))
    (fp_line (start -1 -0.6) (end 1 -0.6) (layer F.Fab) (width 0.1))
    (fp_line (start 1 -0.6) (end 1 0.6) (layer F.Fab) (width 0.1))
    (fp_line (start 1 0.6) (end -1 0.6) (layer F.Fab) (width 0.1))
    (fp_line (start -0.261252 -0.71) (end 0.261252 -0.71) (layer F.SilkS) (width 0.12))
    (fp_line (start -0.261252 0.71) (end 0.261252 0.71) (layer F.SilkS) (width 0.12))
    (fp_line (start -1.85 0.95) (end -1.85 -0.95) (layer F.CrtYd) (width 0.05))
    (fp_line (start -1.85 -0.95) (end 1.85 -0.95) (layer F.CrtYd) (width 0.05))
    (fp_line (start 1.85 -0.95) (end 1.85 0.95) (layer F.CrtYd) (width 0.05))
    (fp_line (start 1.85 0.95) (end -1.85 0.95) (layer F.CrtYd) (width 0.05))
    (fp_text user %R (at 0 0) (layer F.Fab)
      (effects (font (size 0.5 0.5) (thickness 0.08)))
    )
    (pad 1 smd roundrect (at -1.025 0) (size 1.15 1.4) (layers F.Cu F.Paste F.Mask) (roundrect_rratio 0.217391)
      (net 11 GL_B))
    (pad 2 smd roundrect (at 1.025 0) (size 1.15 1.4) (layers F.Cu F.Paste F.Mask) (roundrect_rratio 0.217391)
      (net 28 "Net-(Q4-Pad2)"))
    (model ${KISYS3DMOD}/Resistor_SMD.3dshapes/R_0805_2012Metric.wrl
      (at (xyz 0 0 0))
      (scale (xyz 1 1 1))
      (rotate (xyz 0 0 0))
    )
  )

  (module Resistor_SMD:R_0805_2012Metric_Pad1.15x1.40mm_HandSolder (layer B.Cu) (tedit 5B36C52B) (tstamp 5DB4A024)
    (at 121.793 106.426 90)
    (descr "Resistor SMD 0805 (2012 Metric), square (rectangular) end terminal, IPC_7351 nominal with elongated pad for handsoldering. (Body size source: https://docs.google.com/spreadsheets/d/1BsfQQcO9C6DZCsRaXUlFlo91Tg2WpOkGARC1WS5S8t0/edit?usp=sharing), generated with kicad-footprint-generator")
    (tags "resistor handsolder")
    (path /5E1A72DA)
    (attr smd)
    (fp_text reference R13 (at 0 1.65 270) (layer B.SilkS)
      (effects (font (size 1 1) (thickness 0.15)) (justify mirror))
    )
    (fp_text value 3.3 (at 0 -1.65 270) (layer B.Fab)
      (effects (font (size 1 1) (thickness 0.15)) (justify mirror))
    )
    (fp_line (start 1.85 -0.95) (end -1.85 -0.95) (layer B.CrtYd) (width 0.05))
    (fp_line (start 1.85 0.95) (end 1.85 -0.95) (layer B.CrtYd) (width 0.05))
    (fp_line (start -1.85 0.95) (end 1.85 0.95) (layer B.CrtYd) (width 0.05))
    (fp_line (start -1.85 -0.95) (end -1.85 0.95) (layer B.CrtYd) (width 0.05))
    (fp_line (start -0.261252 -0.71) (end 0.261252 -0.71) (layer B.SilkS) (width 0.12))
    (fp_line (start -0.261252 0.71) (end 0.261252 0.71) (layer B.SilkS) (width 0.12))
    (fp_line (start 1 -0.6) (end -1 -0.6) (layer B.Fab) (width 0.1))
    (fp_line (start 1 0.6) (end 1 -0.6) (layer B.Fab) (width 0.1))
    (fp_line (start -1 0.6) (end 1 0.6) (layer B.Fab) (width 0.1))
    (fp_line (start -1 -0.6) (end -1 0.6) (layer B.Fab) (width 0.1))
    (pad 2 smd roundrect (at 1.025 0 90) (size 1.15 1.4) (layers B.Cu B.Paste B.Mask) (roundrect_rratio 0.217391)
      (net 27 "Net-(Q3-Pad2)"))
    (pad 1 smd roundrect (at -1.025 0 90) (size 1.15 1.4) (layers B.Cu B.Paste B.Mask) (roundrect_rratio 0.217391)
      (net 12 GH_B))
    (model ${KISYS3DMOD}/Resistor_SMD.3dshapes/R_0805_2012Metric.wrl
      (at (xyz 0 0 0))
      (scale (xyz 1 1 1))
      (rotate (xyz 0 0 0))
    )
  )

  (module Resistor_SMD:R_0805_2012Metric_Pad1.15x1.40mm_HandSolder (layer F.Cu) (tedit 5B36C52B) (tstamp 5DB86294)
    (at 124.714 116.069 270)
    (descr "Resistor SMD 0805 (2012 Metric), square (rectangular) end terminal, IPC_7351 nominal with elongated pad for handsoldering. (Body size source: https://docs.google.com/spreadsheets/d/1BsfQQcO9C6DZCsRaXUlFlo91Tg2WpOkGARC1WS5S8t0/edit?usp=sharing), generated with kicad-footprint-generator")
    (tags "resistor handsolder")
    (path /5E25098E)
    (attr smd)
    (fp_text reference R9 (at 0 -1.65 90) (layer F.SilkS)
      (effects (font (size 1 1) (thickness 0.15)))
    )
    (fp_text value 33K (at 0 1.65 90) (layer F.Fab)
      (effects (font (size 1 1) (thickness 0.15)))
    )
    (fp_line (start -1 0.6) (end -1 -0.6) (layer F.Fab) (width 0.1))
    (fp_line (start -1 -0.6) (end 1 -0.6) (layer F.Fab) (width 0.1))
    (fp_line (start 1 -0.6) (end 1 0.6) (layer F.Fab) (width 0.1))
    (fp_line (start 1 0.6) (end -1 0.6) (layer F.Fab) (width 0.1))
    (fp_line (start -0.261252 -0.71) (end 0.261252 -0.71) (layer F.SilkS) (width 0.12))
    (fp_line (start -0.261252 0.71) (end 0.261252 0.71) (layer F.SilkS) (width 0.12))
    (fp_line (start -1.85 0.95) (end -1.85 -0.95) (layer F.CrtYd) (width 0.05))
    (fp_line (start -1.85 -0.95) (end 1.85 -0.95) (layer F.CrtYd) (width 0.05))
    (fp_line (start 1.85 -0.95) (end 1.85 0.95) (layer F.CrtYd) (width 0.05))
    (fp_line (start 1.85 0.95) (end -1.85 0.95) (layer F.CrtYd) (width 0.05))
    (fp_text user %R (at 0 0 90) (layer F.Fab)
      (effects (font (size 0.5 0.5) (thickness 0.08)))
    )
    (pad 1 smd roundrect (at -1.025 0 270) (size 1.15 1.4) (layers F.Cu F.Paste F.Mask) (roundrect_rratio 0.217391)
      (net 21 SENSE_A))
    (pad 2 smd roundrect (at 1.025 0 270) (size 1.15 1.4) (layers F.Cu F.Paste F.Mask) (roundrect_rratio 0.217391)
      (net 1 GND))
    (model ${KISYS3DMOD}/Resistor_SMD.3dshapes/R_0805_2012Metric.wrl
      (at (xyz 0 0 0))
      (scale (xyz 1 1 1))
      (rotate (xyz 0 0 0))
    )
  )

  (module Resistor_SMD:R_0805_2012Metric_Pad1.15x1.40mm_HandSolder (layer F.Cu) (tedit 5B36C52B) (tstamp 5DB862A5)
    (at 124.714 112.259 270)
    (descr "Resistor SMD 0805 (2012 Metric), square (rectangular) end terminal, IPC_7351 nominal with elongated pad for handsoldering. (Body size source: https://docs.google.com/spreadsheets/d/1BsfQQcO9C6DZCsRaXUlFlo91Tg2WpOkGARC1WS5S8t0/edit?usp=sharing), generated with kicad-footprint-generator")
    (tags "resistor handsolder")
    (path /5E2503AF)
    (attr smd)
    (fp_text reference R10 (at 0 -1.65 90) (layer F.SilkS)
      (effects (font (size 1 1) (thickness 0.15)))
    )
    (fp_text value 120K (at 0 1.65 90) (layer F.Fab)
      (effects (font (size 1 1) (thickness 0.15)))
    )
    (fp_text user %R (at 0 0 90) (layer F.Fab)
      (effects (font (size 0.5 0.5) (thickness 0.08)))
    )
    (fp_line (start 1.85 0.95) (end -1.85 0.95) (layer F.CrtYd) (width 0.05))
    (fp_line (start 1.85 -0.95) (end 1.85 0.95) (layer F.CrtYd) (width 0.05))
    (fp_line (start -1.85 -0.95) (end 1.85 -0.95) (layer F.CrtYd) (width 0.05))
    (fp_line (start -1.85 0.95) (end -1.85 -0.95) (layer F.CrtYd) (width 0.05))
    (fp_line (start -0.261252 0.71) (end 0.261252 0.71) (layer F.SilkS) (width 0.12))
    (fp_line (start -0.261252 -0.71) (end 0.261252 -0.71) (layer F.SilkS) (width 0.12))
    (fp_line (start 1 0.6) (end -1 0.6) (layer F.Fab) (width 0.1))
    (fp_line (start 1 -0.6) (end 1 0.6) (layer F.Fab) (width 0.1))
    (fp_line (start -1 -0.6) (end 1 -0.6) (layer F.Fab) (width 0.1))
    (fp_line (start -1 0.6) (end -1 -0.6) (layer F.Fab) (width 0.1))
    (pad 2 smd roundrect (at 1.025 0 270) (size 1.15 1.4) (layers F.Cu F.Paste F.Mask) (roundrect_rratio 0.217391)
      (net 21 SENSE_A))
    (pad 1 smd roundrect (at -1.025 0 270) (size 1.15 1.4) (layers F.Cu F.Paste F.Mask) (roundrect_rratio 0.217391)
      (net 3 PHASE_A))
    (model ${KISYS3DMOD}/Resistor_SMD.3dshapes/R_0805_2012Metric.wrl
      (at (xyz 0 0 0))
      (scale (xyz 1 1 1))
      (rotate (xyz 0 0 0))
    )
  )

  (module Resistor_SMD:R_0805_2012Metric_Pad1.15x1.40mm_HandSolder (layer F.Cu) (tedit 5B36C52B) (tstamp 5DB8B235)
    (at 122.682 112.259 270)
    (descr "Resistor SMD 0805 (2012 Metric), square (rectangular) end terminal, IPC_7351 nominal with elongated pad for handsoldering. (Body size source: https://docs.google.com/spreadsheets/d/1BsfQQcO9C6DZCsRaXUlFlo91Tg2WpOkGARC1WS5S8t0/edit?usp=sharing), generated with kicad-footprint-generator")
    (tags "resistor handsolder")
    (path /5E25108F)
    (attr smd)
    (fp_text reference R11 (at 0 -1.65 90) (layer F.SilkS)
      (effects (font (size 1 1) (thickness 0.15)))
    )
    (fp_text value 3.3K (at 0 1.65 90) (layer F.Fab)
      (effects (font (size 1 1) (thickness 0.15)))
    )
